72 10 38 24
75 52 28 17
51 23 52 12
77 44 81 40
54 71 27 39
23 41 53 68
80 14 12 42
33 57 93 20
11 85 58 41
16 30 55 73
34 96 26 92
37 50 31 84
46 51 57 74
75 32 49 20
24 15 48 91
13 11 26 96
91 50 55 17
37 21 86 41
68 73 13 47
27 86 86 37
64 45 68 29
12 83 34 26
49 66 49 24
53 14 77 35
98 19 45 53
22 52 25 85
38 17 21 67
30 10 22 14
79 19 71 36
67 97 38 70
90 56 78 33
50 28 81 37
32 86 41 72
15 23 18 38
54 55 64 84
42 69 47 60
81 32 98 62
66 94 43 94
19 15 35 11
79 18 56 80
92 90 36 31
29 19 64 10
27 58 28 46
51 34 87 35
60 13 66 10
80 91 11 24
82 40 22 65
43 39 30 62
28 35 42 25
85 63 15 29
72 16 57 27
95 61 78 22
81 39 65 87
61 50 38 99
97 71 82 58
98 78 89 31
89 19 77 16
39 44 32 40
93 26 95 43
46 23 29 88
36 74 43 92
82 16 88 12
42 25 18 48
74 33 21 63
47 95 67 40
36 30 73 39
60 70 88 99
88 57 45 96
61 61 33 59
13 93 31 63
46 11 43 69
97 76 83 17
79 32 68 30
34 99 44 67
12 84 31 82
55 17 76 69
44 41 59 78
99 54 76 36
66 73 51 16
76 83 56 20
25 80 35 48
87 62 24 91
84 65 44 70
96 90 45 20
20 28 75 14
93 27 95 71
37 60 26 52
21 33 48 98
59 29 74 70
23 65 22 72
47 46 94 87
90 34 53 21
64 18 83 14
85 42 58 40
25 13 92 75
79 56 15 97
59 94 18 77
89 63 69 49
62 54 45 89
