1001 1001 1003 1002
1002 1002 1005 1008
1002 1001 1008 1008
1002 1007 1000 1000
1003 1006 7288 1006
1008 3740 1002 1006
1000 1000 1007 1002
1008 1001 3420 1005
1003 1000 1008 1007
1000 7470 1003 1002
1003 6143 2160 1008
1002 1008 1002 2959
1002 1004 1006 1007
1000 1005 1002 1008
1005 1002 1009 3881
1004 1001 1001 1005
1000 2536 1006 1004
1001 4904 1006 1000
1001 1001 1005 1002
1008 1003 1000 1007
4747 9745 1002 1009
1002 1005 1005 9993
1000 1001 1001 1007
1003 1000 1007 1000
1005 1004 1006 1005
1003 1005 1005 1005
1006 1003 1002 1009
1004 1009 1003 1003
1004 1007 1007 1009
1000 1000 1004 1009
1006 1009 1003 1008
1001 1005 1006 1006
1007 9810 1001 1008
1007 1009 1000 1005
1007 1001 1000 1008
1006 6891 1009 1002
1001 1007 1004 4116
1006 1000 1003 1002
1001 1006 1003 1000
1008 1008 1003 1002
8832 1007 4780 1004
1005 1004 1000 1001
7549 1000 1000 1002
1002 1007 1007 1003
1003 1005 1002 1008
1000 1005 1008 1005
1001 1009 1000 8927
1005 1000 1003 1002
1006 1003 1008 1002
1005 1003 1007 1009
