7541
8514
5380
3874
7729
1311
9171
7874
1262
6233
6782
3806
1053
1802
2835
7344
3874
5528
1572
9179
8837
4479
7854
1921
9032
7285
4439
2341
5766
4155
9554
4391
9706
3237
2888
7170
9393
5901
5411
9994
2481
2227
6271
4320
6097
2239
8064
6318
1493
5898
4671
4069
1579
8180
5565
2309
7799
3472
5150
5776
9977
8974
9531
9911
5057
9974
4173
9350
1638
4731
8114
7575
2636
3813
5103
9561
5976
4275
8504
8921
5616
4763
2744
3199
1829
8330
9332
6181
9810
7171
1860
8970
9955
7597
4545
4263
8013
9018
3794
4876
2208
6638
3041
4543
6145
6027
6894
8599
7561
6106
1891
9262
1478
3027
8387
4587
3035
1028
4708
3690
5285
9434
4856
2413
4550
3814
4564
1378
3578
7620
4574
5609
4082
8045
8040
4720
2978
3672
4060
8748
7544
9449
9959
5563
2933
8977
8783
5171
5609
7196
5557
6160
4618
2346
3855
8231
1551
9017
3198
5298
8213
9156
8735
9007
1268
3373
4201
8952
2891
5214
8485
5124
3229
9864
8738
3366
4126
2858
3034
3727
7450
9753
3638
5923
8229
3267
3657
1034
7395
5147
4740
8593
4874
5971
7177
6608
5381
2055
6555
2526
