27484597
27132940
27793994
27443665
27912688
27124128
27674226
27552662
27460845
27406121
27344109
27341698
27857330
27893319
27934136
27549609
27336375
27085438
27408715
27617291
27548753
27264948
27413900
27132609
27903280
27937676
27403719
27886913
27576623
27937308
27612508
27325275
27956295
27947456
27264978
27063368
27851730
27428588
27006562
27726288
27979403
27617813
27865849
27609102
27368043
27150628
27620501
27050671
27369161
27407458
27709462
27132439
27208933
27172035
27917595
27683117
27921142
27709490
27254577
27697981
27486999
27809936
27446530
27182600
27660368
27203929
27809116
27246898
27380326
27056386
27475959
27030356
27110477
27410497
27196789
27849536
27625678
27235900
27022580
27893270
27762172
27802763
27300853
27932650
27960250
27579586
27722509
27808824
27200726
27699414
27092471
27186460
27069594
27740875
27818081
27192283
27474840
27925317
27788178
27569241
27039818
27874297
27933869
27548659
27723920
27211529
27580371
27888508
27260317
27034073
27673762
27465366
27118272
27508066
27630094
27989839
27581666
27345529
27545088
27879507
27820499
27347816
27021072
27669076
27783707
27092065
27443885
27057901
27078506
27084020
27909775
27394042
27161666
27646723
27528057
27300218
27694732
27066848
27442685
27157610
27856401
27412063
27610190
27570258
27114141
27526171
27236447
27144740
27635712
27570629
27896810
27134099
27273829
27966155
27623045
27217457
27787957
27330427
27498475
27236091
27589561
27943777
27313409
27981048
27617069
27492656
27637713
27041299
27768856
27685380
27522237
27755892
27998746
27046704
27353140
27708546
27638011
27619674
27548721
27232091
27619943
27416485
27120706
27997286
27942702
27323412
27179904
27613089
27817229
27039618
27929170
27574211
27594394
27880815
27123397
27991279
27314409
27929582
27097748
27070831
27327190
27979014
27270635
27391980
27365078
27783649
27351986
27003133
27981852
27863565
27394083
27367276
27840637
27479702
27419667
27799039
27308757
27867402
27715890
27777692
27266440
27300954
27840514
27382547
27002177
27054803
27263793
27805022
27111773
27657679
27627637
27971554
27137576
27892770
27846354
27353778
27888794
27352711
27488390
27271756
27750200
27143469
27994453
27711414
27893988
27549413
27845155
27554902
27158330
27304359
27511010
27373862
27269463
27183717
27409597
27380263
27053549
27939968
27825991
27349795
27734706
27374576
27187426
27086094
27359767
27097710
27089059
27459899
27210653
27146031
27341896
27736502
27731043
27917681
27490816
27381741
27146167
27442181
27031989
27483369
27844068
27276003
27504620
27675588
27750768
27452479
27089941
27969229
27158745
27404891
27947420
27736224
27319922
27416498
27075313
27931820
27125053
27745006
27028130
27109327
27748065
27033876
27945185
27644851
27006080
27410703
27021053
27316726
27151608
27837824
27941487
27202227
27825197
27236984
27319488
27374263
27744165
27634452
27205105
27151325
27776748
27563991
27554598
27830519
27869156
27658554
27118325
27040762
27476775
27008770
27981833
27531826
27209629
27671117
27661561
27605525
27840347
27668974
27633009
27571058
27658859
27504478
27365694
27007706
27574675
27349129
27305226
27543959
27399781
27148175
27132648
27723769
27409293
27333388
27767367
27918289
27774272
27855591
27154759
27296198
27221172
27471389
27846069
27412001
27530565
27057480
27557277
27718557
27330298
27887189
27392992
27877477
27403522
27820182
27515662
27605361
27789376
27531680
27497099
27172925
27852589
27947547
27932117
27256276
27921165
27667277
27942499
27933759
27040838
27589124
27832956
27279387
27018344
27180186
27838494
27177236
27939634
27041813
27428166
27001234
27027132
27047126
27313071
27197625
27584105
27017819
27394042
27031162
27915414
27186596
27943454
27091946
27672054
27175097
27909329
27007369
27130198
27247856
27318553
27645824
27220453
27819814
27698749
27010799
27489261
27644597
27822087
27188408
27342037
27910842
27143794
27286228
27810075
27520502
27902899
27026688
27170522
27640074
27539257
27529375
27252708
27954470
27233773
27518179
27425607
27527829
27751251
27730874
27644105
27775713
27684675
27100626
27966263
27635878
27713436
27702422
27911837
27123177
27760697
27088060
27584684
27210767
27804933
27173093
27835470
27322372
27585314
27425630
27755618
27004085
27558848
27923182
27332043
27142540
27124096
27420048
27991182
27466593
27199721
27069144
27251996
27639218
27221795
27849435
27014006
27262945
27282855
27141158
27450935
27761734
27231640
27741605
27048831
27544477
27369601
27930851
27404913
27943910
27153193
27585837
